
Train errors

Train errors
[7.4536279327364356, 6.0903258642712812]
Test errors
[7.4336716024166805, 6.0529391713311371]
Train errors
[8.4063404710221299, 7.9444408777095505]
Test errors
[8.4149235103390527, 7.9444489088324595]
Train errors
[7.4207157139952811, 6.2545890389267136, 5.5299045419242621, 5.0709091943029225, 4.7334019626267363, 4.4829415047381733, 4.2957740072816861, 4.1515330578868523, 4.0355314832569569, 3.9399319259597587, 3.8592277665010868, 3.7895560747042092, 3.7294519472665528, 3.675882180395651, 3.6226531760725886, 3.5774507213394884, 3.5328284071997977, 3.4907233483942424, 3.4515328073533564, 3.417316330759216, 3.3861846017735222, 3.3599098041523812, 3.3347920139768665, 3.3124068463801968, 3.2922045466651699, 3.273134638930423, 3.2566208390323212, 3.2391511376543627, 3.2228685718200722, 3.2085459509907106, 3.1937026088939438, 3.1801053514552855, 3.1680903722555094, 3.1561432527077806, 3.1437098727192163, 3.1324145467933482, 3.1239282224022689, 3.1142468855765815, 3.1047384854320121, 3.0946915313788397, 3.0859444905238504, 3.076968391516214, 3.0705147872570757, 3.0618854903919193, 3.0543881452153245, 3.0461238274639237, 3.0399702404037479, 3.0337018276939025, 3.0267327306192184, 3.0212366024630439, 3.0145595339937117, 3.0094461016674185, 3.0009782892506158, 2.9968372563285537, 2.9920707972084681, 2.9868146657189123, 2.9846886726861013, 2.9760107605655155, 2.969408390249737, 2.9670248144118707, 2.9605486368192255, 2.9578958347575988, 2.9521497414042588, 2.9473134019321297, 2.938680569045752, 2.9325029560499893, 2.9227297692844179, 2.913966736459694, 2.9082003396327334, 2.8963236181438083, 2.8868626862572198, 2.8804934517306124, 2.8712598629641164, 2.8662239645833059, 2.8641484699259609, 2.8568516334706069, 2.8496961009258972, 2.8422385089020499, 2.8392410905557801, 2.8300022180170314, 2.8194881388177406, 2.8067551896023932, 2.790539424731016, 2.7789242014869928, 2.7568636504560948, 2.7406938992168035, 2.7195480318156142, 2.7007854951401034, 2.6878959620365874, 2.6714958996335616, 2.6631613257294311, 2.6502552750496893, 2.6380554894479955, 2.6272609017309736, 2.6192558652048676, 2.6114216821831149, 2.6020889201754311, 2.5929901137261235, 2.5837111927332015, 2.5731563706466689, 2.5601356336081422, 2.5501761647315524, 2.5344288814303511, 2.5228865117807069, 2.510272359969659, 2.4983827846169571, 2.4870877075467064, 2.471851423394682, 2.455754580058247, 2.4402969425770862, 2.424874717169228, 2.4098560570204439, 2.3902967475698071, 2.3765583874334464, 2.361699632744827, 2.3432995376222991, 2.3298480503343257, 2.3163166337699526, 2.3019384011907551, 2.2915514889503981, 2.2795977818131163, 2.2658502597749615, 2.2560859265128443, 2.2478666228758848, 2.2374100447227669, 2.2263258759545628, 2.2158426803653053, 2.2070637215827991, 2.1972095420245621, 2.1871457810044785, 2.1768673010719093, 2.1723350123091731, 2.1644302697809805, 2.1538016009471925, 2.1479301004291309, 2.1404688194174768, 2.1314819222728114, 2.1240612767318003, 2.1167482849881814, 2.112690754027879, 2.1130357907185418, 2.1047450698501335, 2.0959265933644367, 2.0919254740616413, 2.0849523581130982, 2.080449713276725, 2.0758277069997817, 2.0690104766109325, 2.0620819651039084, 2.0568389304405281, 2.0507065149261918, 2.0429907428298044, 2.0389870583388632, 2.0321178391857506, 2.0257278561716845, 2.0205900529138896, 2.01378842035566, 2.0092825775960512, 2.002367012067495, 1.9982162027755495, 1.9894154314512851, 1.9837368687738504, 1.9775211477786818, 1.9735253562202288, 1.9669002444772363, 1.9630011847148239, 1.9588818026598138, 1.9504396997498306, 1.9476732688132152, 1.9396928438028576, 1.9344562869179425, 1.9334151827861725, 1.9250960311213219, 1.9201643808778133, 1.9149108491075533, 1.9115005455726646, 1.9053416731886743, 1.8994421972622033, 1.8949695266395234, 1.8931803382452654, 1.8902008384242428, 1.8825365804769845, 1.879476021743852, 1.8749566039689705, 1.8710593898811321, 1.8655599010353265, 1.8621651253390707, 1.8558043648304978, 1.851736096833368, 1.8514687412051021, 1.8444203192919859, 1.8392587592105356, 1.8338728945275697, 1.8281088080891024, 1.8240638278217935, 1.8217798373342271, 1.8140635405884151, 1.8096173542998237, 1.8093526579793069, 1.8033568886198639, 1.7992560740725554, 1.797735170789561, 1.7906568844320323, 1.7873941675939247, 1.7849212025153092, 1.7811887454758406, 1.778476666958416, 1.7747824526509464, 1.7728667156584894, 1.7722178336728445, 1.774167056834449, 1.7689463580931482, 1.7630719953365601, 1.7611940299166542, 1.7588451419725184, 1.7581069815694677, 1.7587687996552237, 1.7526868935427753, 1.7509147996908101, 1.7492666209622882, 1.7461689361701855, 1.7460918092356634, 1.74486218220842, 1.7425834718920934, 1.7418713343937564, 1.7375878716417901, 1.7392844336476647, 1.7382051448908495, 1.7323171611060739, 1.7323879854579574, 1.7313396714756297, 1.7293217710171445, 1.7283843100326883, 1.7280521104246689, 1.7239672658335641, 1.7261385224978005, 1.7210413383225736, 1.7219542313177645, 1.7204961378104227, 1.7174455704688445, 1.7187578770020435, 1.7155283639494872, 1.713770538848663, 1.714509637631715, 1.7121291798252816, 1.7112598065996736, 1.7098095852599211, 1.7101234281120659, 1.7089243235239933, 1.7054811401792089]
Test errors
[7.3950819893962532, 6.2163288852371226, 5.4888293370946846, 5.0279732683867024, 4.6892455699016153, 4.4354190190115927, 4.24930891866578, 4.1030364254647917, 3.9866186794036591, 3.8904775689635391, 3.8106564460084953, 3.7402898305629204, 3.6798411085535694, 3.6262838962519512, 3.5728444537276443, 3.5271159057242936, 3.4825993386804202, 3.4403372283581688, 3.4011806751416289, 3.3668701220462465, 3.3360409354664768, 3.310093893231405, 3.2841604661990917, 3.2621130479499176, 3.2421159461922819, 3.2229561232600568, 3.2065523292046509, 3.189892460588418, 3.1730476385325135, 3.1585717623875778, 3.1435817931120908, 3.1304473425405397, 3.1182198859396628, 3.1066125320857156, 3.0939356831909808, 3.0826772781056917, 3.0748997493359229, 3.0646523586160068, 3.0548505431112356, 3.0454008069906848, 3.0372269617105281, 3.0274172860300093, 3.020829838914223, 3.0130631542697972, 3.005721035047944, 2.9969345061828085, 2.9901801931346119, 2.9844577831852543, 2.9773661258087536, 2.9716444909753714, 2.9646434823885723, 2.9605611174877962, 2.9519766840112784, 2.9469715832770533, 2.9426932778313457, 2.9377796899469906, 2.9356373957039836, 2.9276162320198682, 2.9203530950865035, 2.9181953299340484, 2.9114610352786587, 2.9092220700813409, 2.9036420774894509, 2.8985145102528715, 2.8896754026332263, 2.8846034380231189, 2.8741516466130381, 2.8656121218611226, 2.8598198288160037, 2.8485537232530436, 2.8390906544922943, 2.8323721833790989, 2.8238408564135113, 2.8186948928388911, 2.8168361431181888, 2.8099474373106617, 2.8027576016543105, 2.7954538523514181, 2.792189410908775, 2.7833850923730665, 2.773528272540172, 2.7600930759908873, 2.7440333098153236, 2.7330450268508399, 2.7112304823250879, 2.6942284821076656, 2.6741172324609868, 2.6548648886279027, 2.6421339562268451, 2.6260144629650539, 2.6181674454774666, 2.6048972799121612, 2.5932920425705364, 2.5815956962112829, 2.5738513756220422, 2.567510829126912, 2.557390769972645, 2.5490754233097199, 2.539987080016969, 2.5301198223802825, 2.5171137013546616, 2.5074153277608286, 2.4928311411434536, 2.4807743205493193, 2.4695659717404941, 2.4572429371382385, 2.4463773066710415, 2.4317953477609082, 2.4156612764588385, 2.4007700536806604, 2.3851058649860457, 2.3698047811105312, 2.3513726093645784, 2.3382539877733453, 2.3235652915125224, 2.3054456758699979, 2.2930141095292544, 2.2792113057148335, 2.2661870285355312, 2.2557020616278192, 2.2442093086715418, 2.2304839845224698, 2.2206030517689248, 2.2136477298662811, 2.2029620233563532, 2.1930167048757436, 2.1818690486985175, 2.1737700294101598, 2.1644182887481254, 2.1551861777376802, 2.1447500634263412, 2.1401631147158033, 2.133121846034423, 2.1220942764053472, 2.1167393719609042, 2.1099099695798786, 2.100878256152193, 2.0939449491396549, 2.0871015118097946, 2.0831318166601092, 2.0836246311203928, 2.0755218187008748, 2.0665291501382508, 2.0633926102563467, 2.0562149343609817, 2.0519512224908882, 2.0477586089236097, 2.0418536294990957, 2.0351895003844116, 2.0301811272735666, 2.024244514939312, 2.0156001375468366, 2.0113297135273482, 2.0054621575996716, 1.9998625237844692, 1.995062563390257, 1.9880343436735233, 1.9838218312942486, 1.9764069564136149, 1.9725664996600851, 1.9643865475778213, 1.9583365346543928, 1.9526536484188697, 1.9487873921804473, 1.9421754234085851, 1.9392671427749051, 1.9358866124114571, 1.9270329201578971, 1.9245513956521905, 1.9165605644489274, 1.9117040091567963, 1.9117637697841707, 1.9024589631856608, 1.8977676013267035, 1.8937718145584932, 1.8898706564252896, 1.8836802193229987, 1.8781813595673071, 1.8737725014736413, 1.8722264788152527, 1.8693760578987064, 1.8617098277077575, 1.8583770048605546, 1.8549343726847547, 1.8497231536474039, 1.8457168694803812, 1.8419818181578169, 1.8358425451721057, 1.832205010555511, 1.8318236244952479, 1.8245138708074649, 1.8210815944267089, 1.8157758481859212, 1.8096731187629937, 1.8058968512170208, 1.8042948647320904, 1.7963376131809095, 1.7923106033007878, 1.7920695600725813, 1.7861896875954426, 1.7821848591226683, 1.7818135141113454, 1.7745977327358367, 1.7713188482215707, 1.7687507997551044, 1.7650211133979559, 1.7622091823367572, 1.7589605192015558, 1.7576743161190855, 1.7566616411669851, 1.7585386668480469, 1.7545945417590199, 1.7481114537200959, 1.7469496778338427, 1.7433950568827028, 1.7435107922063482, 1.7435278505602361, 1.7379992162034614, 1.7362297562698854, 1.7349450517330212, 1.7317707261402904, 1.7317637395922192, 1.7313289342044784, 1.7288025742670485, 1.7284847198367177, 1.7246172237777408, 1.7258129566547418, 1.725322495548266, 1.7192900211160118, 1.7196793917089379, 1.7182067162754902, 1.717126983681921, 1.71587994119312, 1.7155002762277827, 1.7113838499053278, 1.7132311732336376, 1.7087069250286917, 1.7096254038952121, 1.7085677673539374, 1.7051422919166406, 1.7075541499899043, 1.7033708758240431, 1.7018614371638878, 1.7025207720382549, 1.7002980446437073, 1.6994510254314557, 1.697549761129306, 1.6983829797142691, 1.6973212319440167, 1.6936696791902159]
Train errors
[8.3430717872658846, 7.9446462673698148, 7.5875753338441969, 7.3571462642578647, 7.1741675507128146, 7.0508948592948224, 6.9206952310149825, 6.8251120351155841, 6.6921330431279387, 6.8468399930253181, 6.8717260752150482, 6.7228156495438531, 6.7655374259236583, 6.8033456467026134, 6.9454864183345784, 7.1856208577187362, 7.1862525884908841, 7.6653699470577488, 7.891723489272497, 7.722310315562801, 7.846237609151169, 7.7538797068207526, 7.6953452868358863, 7.6692356210631178, 7.7650556058097022, 7.7440969140895266, 7.7121230807875811, 7.6617609788286769, 7.7612663276941065, 7.7582804055569943, 7.7304382382175758, 7.7234931140954508, 7.6963181325036008, 7.7087917812016027, 7.6772957532994779, 7.6552820632554388, 7.5918196139728664, 7.7273859678487034, 7.7240718883968569, 7.7021526332398835, 7.6925187029504443, 7.6830055786933107, 7.6601953048571456, 7.6900920594643765, 7.6801229984641246, 7.6720211362433082, 7.6768055760358429, 7.6989073918241822, 7.6708109302208021, 7.6757852648623084, 7.6832311212894062, 7.6700370147638237, 7.6804557186358897, 7.6673466534081944, 7.6703345074784917, 7.678140405801412, 7.6596162704065645, 7.6554897460429121, 7.6592705677105632, 7.6592645355146818, 7.6650940167077835, 7.6631378173952296, 7.6587334234806379, 7.6660019142435409, 7.6565336403907889, 7.6468434617852816, 7.6459617383706453, 7.6400710585134552, 7.6307173271031479, 7.6174867505133959, 7.6505977431302998, 7.655019746089847, 7.6624674389503618, 7.6578175230440513, 7.6407555727643475, 7.6569184181185648, 7.6519059240993572, 7.6214291349922467, 7.6504201532591756, 7.6356399418629008, 7.6583567318964612, 7.6349406012899506, 7.6529725557616946, 7.6311158524634815, 7.6222681258384259, 7.6364237721191959, 7.6272064976428755, 7.6233618447779277, 7.6453380881120374, 7.6263137900726905, 7.6156806372866397, 7.636805230379025, 7.6165015633377573, 7.5742413739064123, 7.6589921495305333, 7.6400778546110883, 7.6279232413475979, 7.6403339461064759, 7.6328886916635117, 7.6564644678932785, 7.6425817982933717, 7.6195275455865952, 7.6305377651107174, 7.6405685009636199, 7.6313067395373242, 7.6357639118878078, 7.6314359721419232, 7.6437388498757279, 7.6586148629712092, 7.625850703054823, 7.6399977559889569, 7.6401248629955161, 7.6215915361025806, 7.6417740285369931, 7.6398243225988995, 7.6239160930818395, 7.6291661740419281, 7.6357360066154918, 7.6398407492730076, 7.6197281160996289, 7.6259066679325578, 7.6267437240974481, 7.6390482037667935, 7.627138724964702, 7.6228082700070674, 7.6263402641702029, 7.6234211028204184, 7.6152095299995697, 7.6156778372820364, 7.6330763873879075, 7.6274370471225028, 7.6216147068622968, 7.6303206070782785, 7.6156568439413377, 7.6301312421918039, 7.6441026724168122, 7.6281475269053285, 7.6423758123779759, 7.6235803576188186, 7.6082251534848409, 7.6213205563389046, 7.6270168939703762, 7.6275654437467155, 7.6153945970696437, 7.6177645832797998, 7.6170879233809536, 7.6317511660565174, 7.6166241571670081, 7.6374890013388983, 7.6124387029335034, 7.6338988955400753, 7.6235403394477128, 7.6338359536506708, 7.6189927415006453, 7.6212797805457422, 7.6178658651271993, 7.632062087455914, 7.6134665392163887, 7.6036071155671197, 7.6152099454752253, 7.6272839514524877, 7.628925268627011, 7.6055063054683414, 7.6227793923897638, 7.6179579357465066, 7.5999415444438352, 7.6053369297972946, 7.6020877601829628, 7.6112480993705152, 7.625350492463995, 7.613503742295177, 7.6166410727124347, 7.597970886623326, 7.6165111707115525, 7.609963784710291, 7.6205939512307284, 7.5963368817125385, 7.6268896214818476, 7.6120586920246218, 7.6044680799046969, 7.6147302374461701, 7.611058105227321, 7.5976312168933555, 7.613213550291734, 7.6090901614000135, 7.5934241862739986, 7.6181314262685245, 7.6159696677869881, 7.6262274474214538, 7.6229431762578663, 7.6055056330290567, 7.5799937207093171, 7.6186517335650645, 7.6139454944094407, 7.5966839124459149, 7.6034428669516085, 7.6092176388517281, 7.5979828110181158, 7.602223124012486, 7.5958331719117078, 7.607882610725099, 7.597145636221704, 7.6039737829753591, 7.6218739556767181, 7.6126576984776735, 7.6046903530894809, 7.5997727791121115, 7.6169783793951966, 7.5991894387099288, 7.6060315097025555, 7.6030014688401923, 7.599009700934058, 7.6113077507620321, 7.5985038180709106, 7.6100247969540566, 7.6070245089445017, 7.6175749188152189, 7.6018768275867972, 7.6074502592002338, 7.6016472264232995, 7.6080115633309697, 7.5988637403164887, 7.6016289270778792, 7.603569473848296, 7.5959618932534818, 7.6031101378307833, 7.6174580811868235, 7.5932593341819361, 7.6013416211612341, 7.6016734338026914, 7.6054765439732597, 7.603445546408631, 7.6171252267474179, 7.6027124512402846, 7.6048574148999961, 7.5820877219421625, 7.6142482932426567, 7.6066168941110179, 7.6121495468288458, 7.5800888338167391, 7.611322056398059, 7.6037498144984381, 7.5994572531367401, 7.6075535576119453, 7.5947230111658408, 7.6109365217750895, 7.593369194135831, 7.6019758630095886, 7.5991550123851264, 7.5969218528376832]
Test errors
[8.3485312116267636, 7.9426587786553426, 7.5743235952450885, 7.3399836781645371, 7.1564012480077874, 7.0317111673383517, 6.8959148953556051, 6.8014227212925178, 6.6655369583509314, 6.8233624363565015, 6.8486383685317387, 6.6922248763672272, 6.7293792591488115, 6.7621226834871813, 6.9083684676049746, 7.1674895710824291, 7.1582657577171611, 7.6655698130862042, 7.8913578098004464, 7.7223720877575381, 7.8354363563843874, 7.7457791455037128, 7.6855883725323704, 7.6553943246074132, 7.7518247570807164, 7.727143664184374, 7.6930003027251361, 7.6437713057172454, 7.7457196595678139, 7.7393017156940385, 7.7084475329338531, 7.7020016487022893, 7.6737620354291378, 7.6862217787672105, 7.6590266640311242, 7.6373547705067661, 7.5676764842606703, 7.711359813797344, 7.7083072392491694, 7.6831368709255594, 7.6742741299931359, 7.6641266601448335, 7.6421262134185168, 7.6735734863024918, 7.6627811742942464, 7.6548034235908418, 7.6627496395580517, 7.6808092955841474, 7.6540643810672631, 7.6543687839723082, 7.6679866896961633, 7.6522412397991584, 7.6651290069625384, 7.6509043280639704, 7.6592042097374318, 7.6631003353862752, 7.642759117098449, 7.6346140073052444, 7.6446756338050372, 7.6430239053366762, 7.6506254851046531, 7.6438015266085682, 7.6400850255058108, 7.649794095490221, 7.6368111252315227, 7.6289594785607093, 7.6275582747316841, 7.6231896379700679, 7.6116616594031576, 7.6050150088404713, 7.6322536423864813, 7.6440802410609354, 7.6439530410905689, 7.6383327619116272, 7.6239229412850174, 7.6387669771396842, 7.6368650422817401, 7.6060486614047615, 7.632391215345101, 7.6197855352466686, 7.6473011990986901, 7.6177636045576067, 7.6383886678555157, 7.6166517781203575, 7.6010133825824626, 7.6167009972253883, 7.6128552627217072, 7.6047224698677693, 7.6308726705771797, 7.6039344513854346, 7.5993069771118389, 7.6198116125939714, 7.5979245297831746, 7.5573682332393037, 7.6450750071142144, 7.6248561889061444, 7.6103798195857264, 7.6224697673591022, 7.6164357539129579, 7.634343781254552, 7.6293685338337154, 7.6012438934584452, 7.6137301384028131, 7.6262640238216104, 7.6145107720770895, 7.6196677498798699, 7.6128845852125506, 7.6301193882238536, 7.6438837858109565, 7.6065666925654387, 7.6258561404791658, 7.62421119110937, 7.605935585241073, 7.625672752024931, 7.6215400582677022, 7.6087742517797068, 7.6168020275475392, 7.6205984129316979, 7.6238784352037463, 7.5947668389507488, 7.6095263477898563, 7.6090951333724206, 7.623529322016104, 7.6095401772022022, 7.6066167487316623, 7.6069112886710588, 7.6084734622717143, 7.6022271941829311, 7.6003747937234074, 7.6197249237460323, 7.6088615563790398, 7.6045328797053724, 7.6149439911836296, 7.5985208192884848, 7.6176190336580563, 7.631277515519276, 7.612202760712858, 7.630458917833197, 7.606567267730961, 7.5900359898991088, 7.6058304791307556, 7.6102403903349947, 7.6088916791113892, 7.5980808462334872, 7.6016031812059781, 7.6023044605974448, 7.6161284206218465, 7.6017869152887485, 7.6201554592025555, 7.5972275909903493, 7.6183494514437093, 7.6053213646866711, 7.6173337541288326, 7.6043837249301207, 7.6036960455172666, 7.6001820467645489, 7.6192117115417846, 7.5973810776920434, 7.5838009793865568, 7.5954826795269774, 7.6154662091065193, 7.6160397504195911, 7.59017162268173, 7.6033430405412705, 7.6020847138715251, 7.5772692224613039, 7.58523896297711, 7.5843816219703166, 7.5954563585015924, 7.6127364008640477, 7.5989412595992452, 7.6018543203992612, 7.5806656736983129, 7.6004037559620237, 7.5936257556438846, 7.6026645732610545, 7.5791115206271726, 7.6153973661048511, 7.5955451351253362, 7.5894631417260756, 7.6016708418903161, 7.5966428754835809, 7.5823308150262987, 7.6008829500587378, 7.5934806251348741, 7.5708688523851864, 7.60372041819255, 7.6018797152651825, 7.6118912971906427, 7.609750709811637, 7.5896702444302173, 7.5590157727420868, 7.6064595314266681, 7.6018756654579089, 7.5796827070478638, 7.5857982932678967, 7.5936127297263427, 7.5813272057799352, 7.5846097897637206, 7.5807553342689866, 7.5912738568177609, 7.5826335163541065, 7.591507598562286, 7.6088152011368413, 7.5975249263112818, 7.5909031697105878, 7.5760996267811453, 7.605972961942685, 7.5876980775638136, 7.5964925145747211, 7.5884963820248394, 7.5797606779281432, 7.5952942284402623, 7.584478099356315, 7.5937094654324024, 7.5949102869207117, 7.6014427243766614, 7.586821496027321, 7.5953006049403635, 7.5868173353215012, 7.5928204818053509, 7.5861471073984195, 7.5827250654462093, 7.5896027591572572, 7.5772272629370123, 7.588639773745685, 7.604043830774736, 7.5748133119304883, 7.586156531360241, 7.5875943433713333, 7.588725586341992, 7.5892614216309271, 7.600914354873856, 7.5864916199445434, 7.586435591929142, 7.563336737988223, 7.5989797949813944, 7.5941710258940738, 7.6001496204249923, 7.5662593131768778, 7.5992380449452543, 7.5856146115856395, 7.5825194381816656, 7.5885173933815233, 7.5793264238453393, 7.6003642019566886, 7.5763613746289522, 7.5866977227621817, 7.5828329222477393, 7.5788937611422424]



Basic auto-encoder MLP

Train errors
[652.2051858413048, 531.73974607080459]
Test errors
[648.72254882127913, 527.43953721695277]

Basic auto-encoder MLP

Train errors
[649.34766059813819, 528.600680208943]
Test errors
[646.35813836832699, 524.60679012289336]

Auto-encoder MLP with dropout keep probability = 0.8

Train errors
[7.6682748419822504, 6.5222391071212087]
Test errors
[7.6537140977031388, 6.4895767299375509]

Auto-encoder MLP with dropout keep probability = 0.8

Train errors
[7.5708047360675312, 6.3687230280838181]
Test errors
[7.5493944488166917, 6.3421218316146346]

Basic auto-encoder MLP

Train errors
[8.0381853583512566, 6.7818912933975382, 6.086915155840388, 5.6658990370225206, 5.3372558646765409, 5.0655323169188655, 4.8445082167293414, 4.6557879187933295, 4.4956989753278291, 4.3568329354927195]
Test errors
[7.9961795285699893, 6.7237139766893126, 6.0273882661309912, 5.6075615254900786, 5.2762447934183969, 5.0026301098917569, 4.7801848147596875, 4.5903761006920671, 4.4314456001446958, 4.2924188428296386]

Auto-encoder MLP with dropout keep probability = 0.8

Train errors
[8.4681962677754399, 7.9377754196221657, 7.3826024994464934, 6.9049349199394259, 6.6052764804722548, 6.3712081652166379, 6.1943419903458095, 6.0221463942145572, 5.8987807303658029, 5.7837806773009106]
Test errors
[8.4280519367367379, 7.8877369091354055, 7.3190767573668731, 6.834181759440451, 6.5318444632036528, 6.2986578891891591, 6.1240134831946333, 5.9513820711153729, 5.8278849939316313, 5.7140164911958475]

Auto-encoder MLP with dropout keep probability = 0.8

Train errors
[10.172365692591848, 10.16583364774023, 10.12762081262863, 10.16373697166271, 10.177969789305484, 10.1244869268822, 10.18044507048368, 10.133150247921204, 10.166649750844817, 10.164200075613055]
Test errors
[10.13690240463686, 10.133834196873487, 10.093710516360895, 10.130906952478146, 10.140640732912821, 10.09107827695138, 10.144493826403007, 10.101080830364999, 10.131947212615881, 10.129650605272916]

Auto-encoder MLP with dropout keep probability = 0.8

Train errors
[8.0344741287401717, 7.36376727317852, 6.8023300612337865, 6.3963802753082923, 6.162955306166789, 5.9978265322794506, 5.8743676042197501, 5.7833354546249423, 5.7128954968460084, 5.6540881280693842]
Test errors
[7.9955301200528703, 7.3063831325192847, 6.7405789288841182, 6.330616825646425, 6.1027670987036222, 5.9393717190067887, 5.8145220663836623, 5.7246396408281592, 5.6541205569507742, 5.5943328879745167]